1614873690.4793084 0
1614873690.488458 1
1614873690.5018673 2
1614873690.5093458 3
1614873690.5692163 4
1614873690.6200671 5
1614873690.6684692 6
1614873690.7168224 7
1614873690.7693875 8
1614873690.821752 9
1614873690.874762 10
1614873690.9296079 11
1614873690.9788942 12
1614873691.0306602 13
1614873691.0827692 14
1614873691.129519 15
1614873691.180099 16
1614873691.2370238 17
1614873691.2876523 18
1614873691.3430297 19
1614873691.3947146 20
1614873691.4461963 21
1614873691.4922645 22
1614873691.548128 23
1614873691.587758 24
1614873691.6352444 25
1614873691.681946 26
1614873691.729023 27
1614873691.7779493 28
1614873691.8282301 29
1614873691.8793328 30
1614873691.9297624 31
1614873691.9800112 32
1614873692.0292737 33
1614873692.0842893 34
1614873692.1349435 35
1614873692.184808 36
1614873692.2468626 37
1614873692.2947419 38
1614873692.3439896 39
1614873692.3945336 40
1614873692.446569 41
1614873692.4944074 42
1614873692.5461576 43
1614873692.5955904 44
1614873692.6441321 45
1614873692.6965346 46
1614873692.742388 47
1614873692.7958558 48
1614873692.847996 49
1614873692.9033353 50
1614873692.95574 51
1614873693.0084078 52
1614873693.0632565 53
1614873693.111663 54
1614873693.164314 55
1614873693.2164946 56
1614873693.2682114 57
1614873693.3203123 58
1614873693.3677416 59
1614873693.4206154 60
1614873693.4776504 61
1614873693.5285919 62
1614873693.5791478 63
1614873693.6278644 64
1614873693.6818593 65
1614873693.7314863 66
1614873693.7826278 67
1614873693.8348691 68
1614873693.8886597 69
1614873693.9340746 70
1614873693.9832082 71
1614873694.0350206 72
1614873694.0845342 73
1614873694.1335268 74
1614873694.1825998 75
1614873694.2346463 76
1614873694.2918646 77
1614873694.333444 78
1614873694.3830876 79
1614873694.4322221 80
1614873694.4817924 81
1614873694.54361 82
1614873694.5864482 83
1614873694.6375477 84
1614873694.6849413 85
1614873694.7405326 86
1614873694.79052 87
1614873694.8422177 88
1614873694.8960514 89
1614873694.9462628 90
1614873694.9999235 91
1614873695.0551348 92
1614873695.122517 93
1614873695.1766264 94
1614873695.2301276 95
1614873695.2863944 96
1614873695.335455 97
1614873695.3918135 98
1614873695.4467134 99
1614873695.503107 100
1614873695.5497682 101
1614873695.6031127 102
1614873695.6552372 103
1614873695.7045639 104
1614873695.7551215 105
1614873695.8116887 106
1614873695.8607082 107
1614873695.9152312 108
1614873695.9681573 109
1614873696.017401 110
1614873696.0651793 111
1614873696.1158998 112
1614873696.1654062 113
1614873696.2192695 114
1614873696.2682683 115
1614873696.322859 116
1614873696.3753011 117
1614873696.4327755 118
1614873696.4838576 119
1614873696.5342948 120
1614873696.587412 121
1614873696.63464 122
1614873696.6851292 123
1614873696.7380867 124
1614873696.7886853 125
1614873696.842092 126
1614873696.8988967 127
1614873696.9468014 128
1614873696.9967637 129
1614873697.0457819 130
1614873697.0977945 131
1614873697.146943 132
1614873697.1970928 133
1614873697.2445216 134
1614873697.2977846 135
1614873697.3461545 136
1614873697.401698 137
1614873697.456286 138
1614873697.5045109 139
1614873697.5535045 140
1614873697.601936 141
1614873697.649027 142
1614873697.6990047 143
1614873697.7504067 144
1614873697.7996418 145
1614873697.8513806 146
1614873697.9031155 147
1614873697.95429 148
1614873698.0067596 149
1614873698.0537007 150
1614873698.1027372 151
1614873698.152777 152
1614873698.2029805 153
1614873698.2511292 154
1614873698.3001318 155
1614873698.3526824 156
1614873698.404229 157
1614873698.453319 158
1614873698.5058413 159
1614873698.5583982 160
1614873698.6125066 161
1614873698.6641808 162
1614873698.7213912 163
1614873698.7792902 164
1614873698.827439 165
1614873698.8794165 166
1614873698.924327 167
1614873698.976308 168
1614873699.031768 169
1614873699.0767767 170
1614873699.1278598 171
1614873699.1778293 172
1614873699.226871 173
1614873699.2818706 174
1614873699.3335228 175
1614873699.3827188 176
1614873699.4203758 177
1614873699.4404714 178
1614873699.4509282 179
1614873699.464036 180
1614873699.4812565 181
1614873699.5374641 182
1614873699.590404 183
1614873699.6434946 184
1614873699.6845229 185
1614873699.7350996 186
1614873699.7835584 187
1614873699.8351197 188
1614873699.8854077 189
1614873699.9339163 190
1614873699.9845908 191
1614873700.0394838 192
1614873700.0855918 193
1614873700.1354575 194
1614873700.1854618 195
1614873700.2342787 196
1614873700.2854753 197
1614873700.334385 198
1614873700.3825119 199
1614873700.4336355 200
1614873700.4891882 201
1614873700.5350916 202
1614873700.5839546 203
1614873700.635921 204
1614873700.6836493 205
1614873700.7339604 206
1614873700.7861457 207
1614873700.8329015 208
1614873700.8864834 209
1614873700.9351783 210
1614873700.9849904 211
1614873701.0353658 212
1614873701.0877426 213
1614873701.1347709 214
1614873701.1870723 215
1614873701.2327085 216
1614873701.2832727 217
1614873701.3343942 218
1614873701.3878562 219
1614873701.4379828 220
1614873701.4858737 221
1614873701.5320413 222
1614873701.589066 223
1614873701.6350915 224
1614873701.6846037 225
1614873701.7368753 226
1614873701.7869146 227
1614873701.8393147 228
1614873701.8846662 229
1614873701.9319515 230
1614873701.99109 231
1614873702.034761 232
1614873702.0882921 233
1614873702.1352723 234
1614873702.1850734 235
1614873702.232923 236
1614873702.284557 237
1614873702.331935 238
1614873702.3805046 239
1614873702.4366338 240
1614873702.4842594 241
1614873702.5318782 242
1614873702.5810704 243
1614873702.6362085 244
1614873702.6829762 245
1614873702.7349484 246
1614873702.7813256 247
1614873702.833294 248
1614873702.8871336 249
1614873702.9306593 250
1614873702.987627 251
1614873703.0334349 252
1614873703.0836415 253
1614873703.1428459 254
1614873703.1864784 255
1614873703.2369268 256
1614873703.2842631 257
1614873703.3340724 258
1614873703.387654 259
1614873703.4351678 260
1614873703.4831748 261
1614873703.5436502 262
1614873703.5850475 263
1614873703.635406 264
1614873703.683989 265
1614873703.733822 266
1614873703.7859912 267
1614873703.8358176 268
1614873703.8844092 269
1614873703.9360263 270
1614873703.9853878 271
1614873704.0358217 272
1614873704.08299 273
1614873704.1330495 274
1614873704.188066 275
1614873704.2340536 276
1614873704.2844718 277
1614873704.3314514 278
1614873704.386055 279
1614873704.4384923 280
1614873704.4835029 281
1614873704.534365 282
1614873704.5867214 283
1614873704.6368487 284
1614873704.6855822 285
1614873704.7336946 286
1614873704.7824697 287
1614873704.8361018 288
1614873704.8843756 289
1614873704.9349113 290
1614873704.9845812 291
1614873705.0342631 292
1614873705.0892467 293
1614873705.1348317 294
1614873705.1835184 295
1614873705.2328703 296
1614873705.2866604 297
1614873705.3313968 298
1614873705.3855803 299
1614873705.434248 300
1614873705.4839137 301
1614873705.5401025 302
1614873705.5847557 303
1614873705.6351502 304
1614873705.6835544 305
1614873705.7349691 306
1614873705.784845 307
1614873705.833059 308
1614873705.8827963 309
1614873705.9348328 310
1614873705.9835966 311
1614873706.0345678 312
1614873706.0834208 313
1614873706.1316953 314
1614873706.184296 315
1614873706.2346213 316
1614873706.2841802 317
1614873706.3348448 318
1614873706.3810446 319
1614873706.4323862 320
1614873706.4855785 321
1614873706.540002 322
1614873706.5867338 323
1614873706.637367 324
1614873706.6878288 325
1614873706.7354484 326
1614873706.790595 327
1614873706.836545 328
1614873706.8880596 329
1614873706.9386013 330
1614873706.9834604 331
1614873707.0338216 332
1614873707.0841758 333
1614873707.1337018 334
1614873707.1857162 335
1614873707.2365708 336
1614873707.2854385 337
1614873707.3356485 338
1614873707.3804517 339
1614873707.4355376 340
1614873707.4804895 341
1614873707.5337424 342
1614873707.5845315 343
1614873707.6314712 344
1614873707.6834354 345
1614873707.7291746 346
1614873707.7894144 347
1614873707.8354404 348
1614873707.8857296 349
1614873707.9351404 350
1614873707.9816105 351
1614873708.03307 352
1614873708.0828512 353
1614873708.140667 354
1614873708.18422 355
1614873708.2356424 356
1614873708.2837288 357
1614873708.3336284 358
1614873708.383156 359
1614873708.4375606 360
1614873708.4836676 361
1614873708.5324607 362
1614873708.5836668 363
1614873708.6336956 364
1614873708.6848493 365
1614873708.7376034 366
1614873708.7834718 367
1614873708.8363154 368
1614873708.8833086 369
1614873708.9347835 370
1614873708.9875689 371
1614873709.0323362 372
1614873709.0825446 373
1614873709.1335225 374
1614873709.1844678 375
1614873709.2374043 376
1614873709.28285 377
1614873709.3327785 378
1614873709.3824983 379
1614873709.433836 380
1614873709.4842525 381
1614873709.5402439 382
1614873709.585215 383
1614873709.6378953 384
1614873709.6849315 385
1614873709.7326512 386
1614873709.782593 387
1614873709.8365045 388
1614873709.8813004 389
1614873709.9323716 390
1614873709.9827096 391
1614873710.037747 392
1614873710.0868056 393
1614873710.137331 394
1614873710.181699 395
1614873710.2324955 396
1614873710.2817342 397
1614873710.3337111 398
1614873710.3857045 399
1614873710.4312973 400
