1596029653.401905 0
1596029653.4123986 1
1596029653.4247704 2
1596029653.4327016 3
1596029653.464496 4
1596029653.5070434 5
1596029653.558962 6
1596029653.6091547 7
1596029653.672131 8
1596029653.7220588 9
1596029653.7692342 10
1596029653.820015 11
1596029653.862686 12
1596029653.9133685 13
1596029653.9570494 14
1596029654.0109572 15
1596029654.054527 16
1596029654.1205447 17
1596029654.1700153 18
1596029654.2161458 19
1596029654.2644386 20
1596029654.3127913 21
1596029654.359678 22
1596029654.411611 23
1596029654.457743 24
1596029654.507743 25
1596029654.571002 26
1596029654.6186662 27
1596029654.6666121 28
1596029654.709789 29
1596029654.7650566 30
1596029654.8082948 31
1596029654.8582613 32
1596029654.9055712 33
1596029654.954577 34
1596029655.0182014 35
1596029655.0663798 36
1596029655.1121798 37
1596029655.1634476 38
1596029655.2102118 39
1596029655.2567391 40
1596029655.3063834 41
1596029655.3530903 42
1596029655.4031012 43
1596029655.4656363 44
1596029655.5167568 45
1596029655.5624187 46
1596029655.6129303 47
1596029655.6592336 48
1596029655.7054114 49
1596029655.75143 50
1596029655.801136 51
1596029655.8499703 52
1596029655.9097123 53
1596029655.9624708 54
1596029656.009418 55
1596029656.059963 56
1596029656.106858 57
1596029656.1585038 58
1596029656.1994665 59
1596029656.2493749 60
1596029656.295516 61
1596029656.360074 62
1596029656.40923 63
1596029656.4523978 64
1596029656.5055518 65
1596029656.556704 66
1596029656.5992734 67
1596029656.653125 68
1596029656.696949 69
1596029656.7470653 70
1596029656.791437 71
1596029656.8592405 72
1596029656.9039674 73
1596029656.9513552 74
1596029657.002512 75
1596029657.0512843 76
1596029657.0977807 77
1596029657.1472907 78
1596029657.1968234 79
1596029657.2415893 80
1596029657.307021 81
1596029657.356786 82
1596029657.3987303 83
1596029657.4513814 84
1596029657.4976084 85
1596029657.5446374 86
1596029657.5945628 87
1596029657.6445627 88
1596029657.6930377 89
1596029657.7549093 90
1596029657.8048866 91
1596029657.8504167 92
1596029657.897236 93
1596029657.9454203 94
1596029657.994845 95
1596029658.0417485 96
1596029658.0902777 97
1596029658.138872 98
1596029658.2033765 99
1596029658.252652 100
1596029658.298475 101
1596029658.3494043 102
1596029658.3919117 103
1596029658.443759 104
1596029658.4905906 105
1596029658.5377717 106
1596029658.5865443 107
1596029658.6506493 108
1596029658.6964192 109
1596029658.7496831 110
1596029658.7935226 111
1596029658.8411615 112
1596029658.8940542 113
1596029658.939846 114
1596029658.9896638 115
1596029659.0343015 116
1596029659.1006155 117
1596029659.1482093 118
1596029659.1927652 119
1596029659.2453623 120
1596029659.2943778 121
1596029659.342251 122
1596029659.3899274 123
1596029659.4408197 124
1596029659.48745 125
1596029659.548868 126
1596029659.6006026 127
1596029659.6428137 128
1596029659.694713 129
1596029659.7395 130
1596029659.790429 131
1596029659.8334696 132
1596029659.8815916 133
1596029659.9327164 134
1596029659.996139 135
1596029660.0412533 136
1596029660.091944 137
1596029660.1409428 138
1596029660.186861 139
1596029660.2351687 140
1596029660.2800965 141
1596029660.3334749 142
1596029660.3767838 143
1596029660.4443445 144
1596029660.4912617 145
1596029660.5373354 146
1596029660.5892057 147
1596029660.6321907 148
1596029660.6872883 149
1596029660.7345192 150
1596029660.777216 151
1596029660.8300438 152
1596029660.893298 153
1596029660.940971 154
1596029660.9883523 155
1596029661.0345583 156
1596029661.0834064 157
1596029661.1322892 158
1596029661.1830413 159
1596029661.2278204 160
1596029661.2752316 161
1596029661.3294058 162
1596029661.3894083 163
1596029661.434686 164
1596029661.4856553 165
1596029661.5326445 166
1596029661.5773945 167
1596029661.6304085 168
1596029661.679741 169
1596029661.7346888 170
1596029661.783821 171
1596029661.8351443 172
1596029661.8847327 173
1596029661.9352393 174
1596029661.9802532 175
1596029662.0336664 176
1596029662.081013 177
1596029662.1274302 178
1596029662.1814542 179
1596029662.2359307 180
1596029662.2881925 181
1596029662.3329277 182
1596029662.3851852 183
1596029662.429533 184
1596029662.480656 185
1596029662.529646 186
1596029662.5836449 187
1596029662.6306086 188
1596029662.6788156 189
1596029662.7347398 190
1596029662.782308 191
1596029662.8343792 192
1596029662.8818154 193
1596029662.9281602 194
1596029662.979178 195
1596029663.0321856 196
1596029663.0801103 197
1596029663.1350641 198
1596029663.1834402 199
1596029663.2326713 200
1596029663.2802846 201
1596029663.3333533 202
1596029663.3807876 203
1596029663.4317954 204
1596029663.4783368 205
1596029663.5292492 206
1596029663.5827932 207
1596029663.6339054 208
1596029663.6819046 209
1596029663.7316842 210
1596029663.7797294 211
1596029663.8340857 212
1596029663.8840787 213
1596029663.933154 214
1596029663.984712 215
1596029664.029099 216
1596029664.0781238 217
1596029664.127137 218
1596029664.1859815 219
1596029664.2356985 220
1596029664.2838986 221
1596029664.3277555 222
1596029664.378239 223
1596029664.4321458 224
1596029664.476904 225
1596029664.5277 226
1596029664.5863726 227
1596029664.6321642 228
1596029664.683649 229
1596029664.734248 230
1596029664.7838545 231
1596029664.837063 232
1596029664.8858254 233
1596029664.9357553 234
1596029664.9810855 235
1596029665.0326238 236
1596029665.0830133 237
1596029665.1379106 238
1596029665.184473 239
1596029665.235397 240
1596029665.2854493 241
1596029665.3324494 242
1596029665.3815174 243
1596029665.4362774 244
1596029665.4848163 245
1596029665.531962 246
1596029665.5872343 247
1596029665.6317506 248
1596029665.683779 249
1596029665.733002 250
1596029665.7833593 251
1596029665.833137 252
1596029665.883767 253
1596029665.9363472 254
1596029665.9866343 255
1596029666.0354006 256
1596029666.0829666 257
1596029666.1307101 258
1596029666.183109 259
1596029666.2312503 260
1596029666.283301 261
1596029666.3331578 262
1596029666.37982 263
1596029666.436449 264
1596029666.48348 265
1596029666.5308895 266
1596029666.586537 267
1596029666.6357005 268
1596029666.6831574 269
1596029666.734448 270
1596029666.7842243 271
1596029666.8273773 272
1596029666.8765788 273
1596029666.927042 274
1596029666.971552 275
1596029667.0279427 276
1596029667.0791934 277
1596029667.1313438 278
1596029667.179776 279
1596029667.235104 280
1596029667.2804935 281
1596029667.330969 282
1596029667.3817527 283
1596029667.431175 284
1596029667.4823046 285
1596029667.53021 286
1596029667.578706 287
1596029667.6318643 288
1596029667.6865835 289
1596029667.73773 290
1596029667.7872407 291
1596029667.8343194 292
1596029667.881775 293
1596029667.931201 294
1596029667.9831514 295
1596029668.0332854 296
1596029668.0857038 297
1596029668.1364636 298
1596029668.187362 299
1596029668.2343032 300
1596029668.2849908 301
1596029668.3345873 302
1596029668.3832858 303
1596029668.4360466 304
1596029668.4836588 305
1596029668.5342877 306
1596029668.5837438 307
1596029668.6339796 308
1596029668.6826386 309
1596029668.7325048 310
1596029668.7862997 311
1596029668.8333404 312
1596029668.8812654 313
1596029668.9347665 314
1596029668.9839895 315
1596029669.0314727 316
1596029669.0831401 317
1596029669.1367247 318
1596029669.1850524 319
1596029669.2330227 320
1596029669.2866428 321
1596029669.3345537 322
1596029669.3817055 323
1596029669.4304118 324
1596029669.4850597 325
1596029669.5339808 326
1596029669.5874903 327
1596029669.633415 328
1596029669.6881368 329
1596029669.7334955 330
1596029669.7860978 331
1596029669.8353662 332
1596029669.8843095 333
1596029669.9359663 334
1596029669.9857802 335
1596029670.034762 336
1596029670.0834885 337
1596029670.1360846 338
1596029670.1868114 339
1596029670.2311003 340
1596029670.2864397 341
1596029670.3316386 342
1596029670.3825448 343
1596029670.4359455 344
1596029670.4875863 345
1596029670.533653 346
1596029670.584638 347
1596029670.6342623 348
1596029670.6852653 349
1596029670.7320788 350
1596029670.7883592 351
1596029670.8372643 352
1596029670.8790228 353
1596029670.9307275 354
1596029670.98401 355
1596029671.0337775 356
1596029671.0853658 357
1596029671.1341424 358
1596029671.1878295 359
1596029671.2366815 360
1596029671.285717 361
1596029671.3304517 362
1596029671.3843634 363
1596029671.4368865 364
1596029671.486434 365
1596029671.5364366 366
1596029671.5871716 367
1596029671.6311753 368
1596029671.6830332 369
1596029671.7326217 370
1596029671.784764 371
1596029671.832403 372
1596029671.887356 373
1596029671.9360256 374
1596029671.9848154 375
1596029672.0345128 376
1596029672.083518 377
1596029672.133151 378
1596029672.184369 379
1596029672.2385957 380
1596029672.2921183 381
1596029672.3373384 382
1596029672.3893635 383
1596029672.437777 384
1596029672.4853132 385
1596029672.5334582 386
1596029672.5857527 387
1596029672.6380837 388
1596029672.681845 389
1596029672.7481897 390
1596029672.7871478 391
1596029672.8313353 392
1596029672.8860302 393
1596029672.9396706 394
1596029672.9850905 395
1596029673.0358357 396
1596029673.084595 397
1596029673.1348815 398
1596029673.182128 399
1596029673.2366025 400
